2 9999999 15.908381799999999 49.603468299999996 15.9183818 49.6134683
2 9999999 2.1885622000000002 48.8486257 2.1985622 48.858625700000005
2 9999999 8.826538099999999 50.6886194 8.8365381 50.698619400000005
2 9999999 5.431019 43.348093 5.441019 43.358093000000004
2 9999999 5.6967622 50.7319744 5.7067622 50.741974400000004
2 9999999 1.732329 44.776213999999996 1.7423289999999998 44.786214
2 9999999 5.234182 46.178357 5.2441819999999995 46.188357
2 9999999 -3.166657 48.701029999999996 -3.156657 48.71103
2 9999999 7.301395 48.009209 7.311395 48.019209000000004
2 9999999 43.926408699999996 56.3205459 43.9364087 56.330545900000004
2 9999999 72.8023943 40.5059049 72.8123943 40.5159049
2 9999999 11.335371799999999 51.3379298 11.3453718 51.3479298
2 9999999 119.87241080000001 -0.8711995 119.8824108 -0.8611995
2 9999999 29.0476135 -1.5812613 29.0576135 -1.5712613000000002
2 9999999 29.020227000000002 -1.6007827 29.030227 -1.5907827
2 9999999 -5.858942 35.652957799999996 -5.848942 35.6629578
2 9999999 -2.501778 48.055316999999995 -2.491778 48.065317
2 9999999 16.071892300000002 8.563617899999999 16.0818923 8.5736179
2 9999999 139.74847 35.724637599999994 139.75847 35.7346376
2 9999999 6.2888122 52.5689547 6.2988121999999995 52.578954700000004
2 9999999 4.7497884 51.729372299999994 4.7597884 51.7393723
2 9999999 8.3222274 50.0759465 8.3322274 50.085946500000006
2 9999999 -11.4466443 14.445993499999998 -11.4366443 14.4559935
2 9999999 17.9589 49.458341 17.968899999999998 49.468341
2 9999999 -77.0052276 38.953922299999995 -76.9952276 38.9639223
2 9999999 13.313154399999998 52.513920799999994 13.3231544 52.5239208
2 9999999 1.1481510000000001 45.703917 1.158151 45.713917
2 9999999 7.1071231 51.1609238 7.1171231 51.170923800000004
2 9999999 7.2128060000000005 43.729389 7.222806 43.739389
2 9999999 -87.72039749999999 41.927414299999995 -87.7103975 41.9374143
2 9999999 14.8772127 47.945806999999995 14.887212700000001 47.955807
2 9999999 16.071705400000003 48.5559844 16.0817054 48.565984400000005
2 9999999 2.530303 50.340719 2.5403029999999998 50.350719000000005
2 9999999 4.1874495000000005 45.226798099999996 4.1974495 45.2367981
2 9999999 107.6018466 51.8069962 107.61184659999999 51.816996200000006
2 9999999 8.359609299999999 52.061268899999995 8.3696093 52.0712689
2 9999999 -0.713361 45.758238 -0.703361 45.768238000000004
2 9999999 3.331928 45.857161999999995 3.341928 45.867162
2 9999999 6.4185552 46.5994801 6.4285552 46.609480100000006
2 9999999 11.2312845 44.2131001 11.2412845 44.2231001
2 9999999 6.9945708 50.824534099999994 7.0045708 50.8345341
2 9999999 21.977058500000002 6.5325081 21.9870585 6.5425081
2 9999999 8.8876934 50.1272646 8.897693400000001 50.1372646
2 9999999 30.9503081 6.2045599000000005 30.9603081 6.2145599
2 9999999 -1.7452629999999998 48.014983 -1.735263 48.024983000000006
2 9999999 36.1434303 49.6194408 36.153430300000004 49.629440800000005
2 9999999 13.5903817 52.4376664 13.600381700000002 52.4476664
2 9999999 8.632221699999999 42.234637899999996 8.6422217 42.2446379
2 9999999 2.2005483 48.8559475 2.2105482999999997 48.865947500000004
2 9999999 27.282135200000003 48.1727395 27.2921352 48.182739500000004
2 9999999 4.026587 48.362713 4.036587 48.372713000000005
2 9999999 29.8112952 60.1960895 29.821295199999998 60.206089500000004
2 9999999 2.538184 50.484674999999996 2.548184 50.494675
2 9999999 5.832237 43.087301999999994 5.842237 43.097302
2 9999999 -1.003844 47.378175 -0.993844 47.388175000000004
2 9999999 7.3794806 46.5415372 7.3894806 46.551537200000006
2 9999999 12.8263731 47.2769956 12.836373100000001 47.286995600000004
2 9999999 -0.36617700000000003 43.206542 -0.356177 43.216542000000004
2 9999999 8.4567249 44.6779288 8.4667249 44.6879288
2 9999999 10.192623399999999 48.0695686 10.2026234 48.0795686
2 9999999 67.8171928 40.1196554 67.82719279999999 40.129655400000004
2 9999999 1.9907298000000002 42.4624771 2.0007298000000002 42.472477100000006
2 9999999 -1.8734472 46.837727099999995 -1.8634472000000002 46.8477271
2 9999999 13.454039 50.498757999999995 13.464039000000001 50.508758
2 9999999 5.3725545 43.724744599999994 5.3825544999999995 43.7347446
2 9999999 36.110016099999996 49.878154699999996 36.1200161 49.8881547
2 9999999 4.672367 45.056818 4.682367 45.066818000000005
2 9999999 9.6565386 47.4485636 9.6665386 47.458563600000005
2 9999999 21.2380704 48.7319594 21.2480704 48.741959400000006
2 9999999 23.8696202 55.565329999999996 23.879620199999998 55.57533
2 9999999 3.3097540000000003 43.726333 3.319754 43.736333
2 9999999 6.273806 43.312143999999996 6.283806 43.322144
2 9999999 11.7592862 44.848284299999996 11.769286200000002 44.8582843
2 9999999 -70.9413812 41.6699309 -70.9313812 41.6799309
2 9999999 31.058521900000002 60.069756899999994 31.0685219 60.0797569
2 9999999 57.195618499999995 50.263341399999995 57.2056185 50.2733414
2 9999999 8.4034795 48.943757899999994 8.413479500000001 48.9537579
2 9999999 120.99676670000001 14.60578 121.0067667 14.61578
2 9999999 6.538935 43.491077 6.548935 43.501077
2 9999999 67.79470710000001 40.1271711 67.8047071 40.1371711
2 9999999 -122.1560712 47.685677899999995 -122.14607120000001 47.6956779
2 9999999 4.7448529 44.5583132 4.7548528999999995 44.568313200000006
2 9999999 2.88133 49.228009 2.89133 49.238009000000005
2 9999999 31.3066374 51.5087781 31.316637399999998 51.518778100000006
2 9999999 -0.605628 43.742580999999994 -0.595628 43.752581
2 9999999 10.502154299999999 45.3211011 10.5121543 45.331101100000005
2 9999999 -0.910741 47.053306 -0.900741 47.063306000000004
2 9999999 9.0236887 54.004915399999994 9.0336887 54.0149154
2 9999999 18.544239700000002 4.3545307 18.5542397 4.3645306999999995
2 9999999 9.704768 48.7036806 9.714768000000001 48.7136806
2 9999999 172.301994 -43.621771100000004 172.311994 -43.6117711
2 9999999 19.0672275 52.6420414 19.0772275 52.6520414
2 9999999 -73.9084707 -13.8772354 -73.8984707 -13.867235399999998
2 9999999 1.3275290000000002 48.0686952 1.337529 48.078695200000006
2 9999999 31.5903061 4.8498660000000005 31.600306099999997 4.859866
2 9999999 51.6265928 55.3411293 51.6365928 55.351129300000004
2 9999999 17.8374279 48.554528399999995 17.8474279 48.5645284
2 9999999 2.7972584 42.4841335 2.8072584 42.494133500000004
2 9999999 -0.4971659 46.8413018 -0.4871659 46.8513018
2 9999999 6.7443845 47.3848937 6.7543845 47.394893700000004
2 9999999 31.0898505 59.448439699999994 31.0998505 59.4584397
2 9999999 8.328068 47.0074829 8.338068000000002 47.017482900000005
2 9999999 86.08314270000001 55.3818446 86.0931427 55.391844600000006
2 9999999 44.1562323 44.7993704 44.166232300000004 44.809370400000006
2 9999999 -0.361869 45.824535 -0.351869 45.834535
2 9999999 -0.494908 45.727712 -0.484908 45.737712
2 9999999 -120.3550245 50.6427354 -120.34502450000001 50.652735400000005
2 9999999 -0.890815 51.449231 -0.880815 51.459231
2 9999999 34.894366 48.459109399999996 34.904366 48.4691094
2 9999999 19.9007344 50.0055225 19.9107344 50.0155225
2 9999999 -73.924871 40.7428246 -73.914871 40.752824600000004
2 9999999 -35.1901232 -5.880613 -35.1801232 -5.8706130000000005
2 9999999 -77.1442732 38.8865504 -77.13427320000001 38.8965504
2 9999999 13.196820299999999 55.6290838 13.2068203 55.6390838
2 9999999 6.8721006000000004 49.1639171 6.8821006 49.173917100000004
2 9999999 -1.0661759999999998 46.103916999999996 -1.056176 46.113917
2 9999999 9.634714899999999 47.4568423 9.6447149 47.4668423
2 9999999 6.840656 43.415350999999994 6.850656 43.425351
2 9999999 10.003444799999999 44.8164513 10.0134448 44.8264513
2 9999999 44.604659 -23.6153731 44.614659 -23.6053731
2 9999999 11.436698699999999 48.787363 11.4466987 48.797363000000004
2 9999999 40.4197054 55.474296599999995 40.4297054 55.4842966
2 9999999 9.763217099999999 52.2651415 9.7732171 52.275141500000004
2 9999999 30.0427483 59.3198973 30.052748299999998 59.329897300000006
2 9999999 6.2280415 52.129158999999994 6.2380415 52.139159
2 9999999 18.240721100000002 52.2403695 18.2507211 52.250369500000005
2 9999999 121.2786154 14.493780999999998 121.2886154 14.503781
2 9999999 12.1123879 54.0970096 12.122387900000001 54.107009600000005
2 9999999 -2.1193729 48.6242263 -2.1093729000000003 48.6342263
2 9999999 2.77515 48.501853 2.78515 48.511853
2 9999999 4.674284 45.532368999999996 4.684284 45.542369
2 9999999 11.4675072 48.2618139 11.477507200000002 48.271813900000005
2 9999999 11.1287247 49.6304461 11.138724700000001 49.640446100000005
2 9999999 139.5459617 35.5692935 139.55596169999998 35.579293500000006
2 9999999 9.1765198 51.7092555 9.186519800000001 51.7192555
2 9999999 5.8663937 52.411741299999996 5.8763936999999995 52.4217413
2 9999999 3.0950035000000002 50.626273999999995 3.1050035 50.636274
2 9999999 5.0338607 43.531414 5.0438607 43.541414
2 9999999 5.068383 49.688789 5.078383 49.698789000000005
2 9999999 14.321517799999999 51.7706684 14.3315178 51.7806684
2 9999999 4.7106710000000005 45.965584 4.720671 45.975584000000005
2 9999999 3.610307 47.98245 3.620307 47.992450000000005
2 9999999 8.6205217 51.8496453 8.630521700000001 51.859645300000004
2 9999999 1.188736 47.751262999999994 1.1987359999999998 47.761263
2 9999999 -61.0272084 14.742671499999998 -61.017208399999994 14.7526715
2 9999999 17.0309323 54.4645425 17.040932299999998 54.474542500000005
2 9999999 8.8141889 45.9947733 8.824188900000001 46.004773300000004
2 9999999 -36.629459700000005 -9.5000473 -36.6194597 -9.490047299999999
2 9999999 7.9819486 47.366474 7.9919486 47.376474
2 9999999 14.476213 48.953236999999994 14.486213000000001 48.963237
2 9999999 6.0896569000000005 50.7689965 6.0996569 50.778996500000005
2 9999999 -81.9810162 27.996691000000002 -81.97101620000001 28.006691
2 9999999 1.7572 49.404796 1.7671999999999999 49.414796
2 9999999 33.395313099999996 47.949160799999994 33.4053131 47.9591608
2 9999999 5.963345 45.893550999999995 5.973345 45.903551
2 9999999 3.5108680000000003 50.371767999999996 3.520868 50.381768
2 9999999 14.335695399999999 49.8810703 14.3456954 49.8910703
2 9999999 -70.76332819999999 41.716468299999995 -70.7533282 41.7264683
2 9999999 7.0990913 44.228344299999996 7.1090913 44.2383443
2 9999999 6.7505465000000004 52.290038599999995 6.7605465 52.3000386
2 9999999 4.6498327 52.7195648 4.6598327 52.729564800000006
2 9999999 17.6690988 46.9063647 17.6790988 46.9163647
2 9999999 -1.5015912999999999 52.8682879 -1.4915913 52.878287900000004
2 9999999 5.3553331 45.9487666 5.3653331 45.958766600000004
2 9999999 4.0692601 49.2633495 4.0792601 49.2733495
2 9999999 -1.4428092 47.1899934 -1.4328092000000001 47.199993400000004
2 9999999 -1.661312 49.640519 -1.6513120000000001 49.650519
2 9999999 14.3391103 46.4638608 14.349110300000001 46.473860800000004
2 9999999 2.0069589000000003 48.854981699999996 2.0169589 48.8649817
2 9999999 2.749326 49.922526 2.7593259999999997 49.932526
2 9999999 -1.1221489999999998 49.309143999999996 -1.112149 49.319144
2 9999999 8.6879388 49.385063099999996 8.697938800000001 49.3950631
2 9999999 8.367746899999998 53.5645725 8.3777469 53.5745725
2 9999999 -118.3519271 34.036251 -118.3419271 34.046251000000005
2 9999999 9.549312899999999 47.6832699 9.5593129 47.693269900000004
2 9999999 3.911728 45.049842999999996 3.921728 45.059843
2 9999999 16.0622008 45.7139592 16.072200799999997 45.7239592
2 9999999 34.374060899999996 61.8472169 34.3840609 61.857216900000005
2 9999999 7.4669637 48.868888999999996 7.4769637 48.878889
2 9999999 12.605948 54.304104499999994 12.615948000000001 54.3141045
2 9999999 2.2147531000000003 48.5836397 2.2247531 48.593639700000004
2 9999999 20.4236897 49.951184899999994 20.4336897 49.9611849
2 9999999 10.101006199999999 48.8363027 10.1110062 48.8463027
2 9999999 5.4714462 51.4718459 5.4814462 51.4818459
2 9999999 -0.833828 43.484643999999996 -0.823828 43.494644
2 9999999 -76.4263697 39.363997999999995 -76.4163697 39.373998
2 9999999 7.6357931 51.656924 7.6457931 51.666924
2 9999999 8.7757013 50.0020497 8.785701300000001 50.012049700000006
2 9999999 -0.7891457 43.4784126 -0.7791456999999999 43.488412600000004
2 9999999 1.4418520000000001 43.6062361 1.451852 43.6162361
2 9999999 3.9028037 43.5988694 3.9128037 43.6088694
2 9999999 13.0189832 47.7931446 13.0289832 47.8031446
2 9999999 13.1739401 55.702995099999995 13.183940100000001 55.7129951
2 9999999 -0.18468400000000001 45.393451999999996 -0.174684 45.403452
2 9999999 3.488757 45.098487 3.498757 45.108487000000004
2 9999999 1.7212830000000001 46.954617 1.731283 46.964617000000004
2 9999999 10.261361899999999 6.0084075 10.2713619 6.0184074999999995
2 9999999 0.4661253 49.5724052 0.47612530000000003 49.582405200000004
2 9999999 5.398618 43.2966772 5.408618 43.3066772
2 9999999 1.3860648000000002 43.5742769 1.3960648 43.584276900000006
2 9999999 -3.4786872 48.8108365 -3.4686872 48.820836500000006
2 9999999 9.129731499999998 48.6959048 9.1397315 48.705904800000006
2 9999999 -121.57273699999999 36.995529899999994 -121.562737 37.0055299
2 9999999 17.1640713 60.6645286 17.174071299999998 60.6745286
2 9999999 -1.521326 49.016777 -1.5113260000000002 49.026777
2 9999999 11.023432799999998 44.9195396 11.0334328 44.929539600000005
2 9999999 8.198566 45.905629299999994 8.208566000000001 45.9156293
2 9999999 83.1380364 54.172115 83.1480364 54.182115
2 9999999 8.276796399999998 51.8450133 8.2867964 51.8550133
2 9999999 14.385929299999999 46.6054798 14.3959293 46.6154798
2 9999999 1.4441981000000002 43.6796371 1.4541981 43.689637100000006
2 9999999 3.90449 43.629608999999995 3.91449 43.639609
2 9999999 6.147753 47.039389 6.157753 47.049389000000005
2 9999999 10.5489982 52.166988499999995 10.558998200000001 52.1769885
2 9999999 -93.1435532 44.9193084 -93.13355320000001 44.929308400000004
2 9999999 9.279907399999999 54.1337087 9.2899074 54.143708700000005
2 9999999 0.952454 49.301615999999996 0.962454 49.311616
2 9999999 6.7752796 50.659782299999996 6.7852796 50.6697823
2 9999999 18.3917845 53.5151988 18.401784499999998 53.525198800000005
2 9999999 2.245626 49.378417999999996 2.255626 49.388418
2 9999999 -1.0500981999999999 44.6191155 -1.0400982 44.629115500000005
2 9999999 4.8568526 45.7656351 4.8668526 45.7756351
2 9999999 20.0743985 48.9600328 20.0843985 48.970032800000006
2 9999999 9.762649199999998 53.669427899999995 9.7726492 53.6794279
2 9999999 -2.255751 47.250775999999995 -2.2457510000000003 47.260776
2 9999999 -0.9317300000000001 43.789257 -0.92173 43.799257000000004
2 9999999 4.774662 44.483025999999995 4.784662 44.493026
2 9999999 3.079939 43.598530999999994 3.0899389999999998 43.608531
2 9999999 8.8293039 48.7869988 8.8393039 48.796998800000004
2 9999999 129.8816072 42.5698033 129.89160719999998 42.5798033
2 9999999 3.370422 49.717735 3.380422 49.727735
2 9999999 3.3222191000000003 50.9867651 3.3322191 50.996765100000005
2 9999999 6.7068125 50.469895699999995 6.7168125 50.4798957
2 9999999 30.884787900000003 59.5468458 30.8947879 59.556845800000005
2 9999999 9.578026999999999 57.245439999999995 9.588027 57.25544
2 9999999 -106.05034669999999 39.460986899999995 -106.0403467 39.4709869
2 9999999 44.3228838 41.1814056 44.332883800000005 41.1914056
2 9999999 132.5083243 34.5128038 132.5183243 34.522803800000005
2 9999999 5.8880383 45.226471499999995 5.8980383 45.2364715
2 9999999 0.1826271 48.008514 0.1926271 48.018514
2 9999999 16.6436534 50.432457199999995 16.6536534 50.4424572
2 9999999 -60.8519214 14.4682122 -60.8419214 14.478212200000002
2 9999999 6.8604937 49.2079265 6.8704937 49.217926500000004
2 9999999 -1.82991 49.49735 -1.8199100000000001 49.50735
2 9999999 38.8515247 57.9984763 38.861524700000004 58.008476300000005
2 9999999 7.7101719 47.9944365 7.7201718999999995 48.004436500000004
2 9999999 12.423381299999999 47.5273404 12.4333813 47.537340400000005
2 9999999 14.449359 48.829409 14.459359000000001 48.839409
2 9999999 -7.4321994 41.212818399999996 -7.4221994 41.2228184
2 9999999 2.424537 44.268893 2.4345369999999997 44.278893000000004
2 9999999 74.74966020000001 42.8670706 74.7596602 42.8770706
2 9999999 74.3011717 42.833285499999995 74.31117169999999 42.8432855
2 9999999 68.87495890000001 36.695146599999994 68.8849589 36.7051466
2 9999999 17.7811808 48.1811953 17.7911808 48.191195300000004
2 9999999 14.847750999999999 50.0678987 14.857751 50.077898700000006
2 9999999 -78.6141217 35.743852399999994 -78.60412170000001 35.7538524
2 9999999 -61.763983 16.071234 -61.753983 16.081234
2 9999999 14.463287999999999 49.296184999999994 14.473288 49.306185
2 9999999 2.965904 43.020900999999995 2.975904 43.030901
2 9999999 24.4420811 52.5503588 24.452081099999997 52.5603588
2 9999999 6.8024821 43.6493451 6.8124820999999995 43.6593451
2 9999999 11.0340604 44.2749582 11.044060400000001 44.284958200000005
2 9999999 1.640892 48.601087 1.6508919999999998 48.611087000000005
2 9999999 -0.363925 44.918926 -0.353925 44.928926000000004
2 9999999 55.2939339 -21.0457024 55.303933900000004 -21.0357024
2 9999999 16.374315900000003 48.169633399999995 16.3843159 48.1796334
2 9999999 -0.679964 43.224362 -0.669964 43.234362000000004
2 9999999 4.4873478 51.8690377 4.4973478 51.879037700000005
2 9999999 -1.422099 43.327324399999995 -1.4120990000000002 43.3373244
2 9999999 -1.186597 48.104095 -1.1765970000000001 48.114095000000006
2 9999999 10.853178199999999 48.0667713 10.8631782 48.076771300000004
2 9999999 6.641674 44.321948 6.651674 44.331948000000004
2 9999999 7.8049173000000005 48.081004899999996 7.8149173 48.0910049
2 9999999 83.3508329 54.225052399999996 83.36083289999999 54.2350524
2 9999999 44.995525199999996 39.8196374 45.0055252 39.8296374
2 9999999 28.310551800000002 46.200699199999995 28.3205518 46.2106992
2 9999999 -0.3688621 46.4748047 -0.3588621 46.484804700000005
2 9999999 58.484699199999994 51.221227199999994 58.4946992 51.2312272
2 9999999 8.4423211 49.0098942 8.4523211 49.0198942
2 9999999 11.796291499999999 52.4319515 11.8062915 52.4419515
2 9999999 3.8191497 40.0459043 3.8291497 40.0559043
2 9999999 3.938267 44.693343 3.948267 44.703343000000004
2 9999999 43.605379899999996 56.481389199999995 43.6153799 56.4913892
2 9999999 -70.3302834 41.6551846 -70.32028340000001 41.6651846
2 9999999 -71.3397383 42.644710499999995 -71.3297383 42.6547105
2 9999999 7.9646181 48.1018976 7.9746181 48.111897600000006
2 9999999 28.0394942 43.279847399999994 28.049494199999998 43.2898474
2 9999999 7.3830815 51.6176264 7.3930815 51.627626400000004
2 9999999 -0.935822 48.866783999999996 -0.925822 48.876784
2 9999999 5.2438568000000005 51.7996553 5.2538568 51.8096553
2 9999999 7.4601478 51.2558692 7.4701477999999994 51.265869200000004
2 9999999 15.627304599999999 60.579111499999996 15.6373046 60.5891115
2 9999999 -11.7355739 7.9673553 -11.725573899999999 7.9773553
2 9999999 34.4213179 31.506794 34.4313179 31.516793999999997
2 9999999 85.7603366 27.9217856 85.7703366 27.931785599999998
2 9999999 -0.1697351 46.794853499999995 -0.1597351 46.8048535
2 9999999 4.0628292 50.2802995 4.0728292 50.2902995
2 9999999 3.7293187000000003 47.661932799999995 3.7393187 47.6719328
2 9999999 5.839016 44.060244999999995 5.849016 44.070245
2 9999999 4.759466 45.750662999999996 4.7694659999999995 45.760663
2 9999999 6.403421 45.747395 6.413421 45.757395
2 9999999 4.076693 44.158027999999995 4.0866929999999995 44.168028
2 9999999 -70.7321611 42.1355812 -70.72216110000001 42.1455812
2 9999999 24.195311 58.380022 24.205311 58.390022
2 9999999 6.1230959 51.934801 6.1330959 51.944801000000005
2 9999999 7.9677085000000005 50.9978 7.9777085 51.0078
2 9999999 8.996576899999999 40.5870938 9.0065769 40.5970938
2 9999999 7.6962855 48.5583677 7.7062855 48.5683677
2 9999999 -4.7098711 48.335597799999995 -4.6998711 48.3455978
2 9999999 2.8788594 42.7164776 2.8888594 42.7264776
2 9999999 139.6460056 35.4365512 139.6560056 35.4465512
2 9999999 39.011640099999994 45.045193399999995 39.0216401 45.0551934
2 9999999 5.151708 43.630967999999996 5.161708 43.640968
2 9999999 100.41193200000001 -0.9104450000000001 100.421932 -0.900445
2 9999999 18.851757000000003 50.295813599999995 18.861757 50.3058136
2 9999999 -73.2801302 19.8373786 -73.27013020000001 19.8473786
2 9999999 139.5590137 35.672097099999995 139.5690137 35.6820971
2 9999999 6.7701988 51.116915899999995 6.7801988 51.1269159
2 9999999 5.3363325 51.9753444 5.3463325 51.9853444
2 9999999 0.41179899999999997 46.080434399999994 0.421799 46.0904344
2 9999999 5.3856812000000005 49.1516545 5.3956812 49.161654500000004
2 9999999 0.565595 45.846331 0.575595 45.856331000000004
2 9999999 10.550226199999999 52.1665448 10.5602262 52.1765448
2 9999999 7.340867 43.837537999999995 7.350867 43.847538
2 9999999 5.913291 43.147664 5.923291 43.157664000000004
2 9999999 1.7876750000000001 43.766503 1.797675 43.776503000000005
2 9999999 -0.6501159 38.104456299999995 -0.6401159 38.1144563
2 9999999 -87.7129786 41.903822399999996 -87.70297860000001 41.9138224
2 9999999 -120.8828352 35.717590699999995 -120.87283520000001 35.7275907
2 9999999 7.432918 48.499615399999996 7.442918 48.5096154
2 9999999 116.32990910000001 -8.679560500000001 116.3399091 -8.6695605
2 9999999 -87.6564813 41.6941047 -87.6464813 41.7041047
2 9999999 0.18149389999999999 38.763816 0.1914939 38.773816000000004
2 9999999 24.5744592 54.2058409 24.584459199999998 54.2158409
2 9999999 5.9124877 51.9775141 5.9224877 51.987514100000006
2 9999999 5.6950097 50.8441991 5.7050097 50.8541991
2 9999999 -73.7878186 40.7418713 -73.7778186 40.751871300000005
2 9999999 32.7143648 51.5119665 32.724364800000004 51.521966500000005
2 9999999 7.7630227000000005 48.5206808 7.7730227 48.530680800000006
2 9999999 110.3647596 -7.7998612 110.37475959999999 -7.7898612
2 9999999 -2.9958403 53.161178799999995 -2.9858403 53.1711788
2 9999999 13.1356018 46.2105476 13.145601800000001 46.2205476
2 9999999 18.280559800000002 49.843407 18.2905598 49.853407000000004
2 9999999 58.4966545 51.2441045 58.5066545 51.254104500000004
2 9999999 2.545485 48.80753 2.555485 48.817530000000005
2 9999999 -2.4254438 55.5977259 -2.4154438000000003 55.607725900000005
2 9999999 11.831605799999998 53.7025589 11.8416058 53.712558900000005
2 9999999 13.1506127 51.026275999999996 13.160612700000001 51.036276
2 9999999 24.716419000000002 59.204094999999995 24.726419 59.214095
2 9999999 -1.6586195 53.3256714 -1.6486195000000001 53.3356714
2 9999999 25.731147200000002 60.806235799999996 25.7411472 60.8162358
2 9999999 27.053852000000003 58.742051999999994 27.063852 58.752052
2 9999999 13.272825899999999 52.624936999999996 13.2828259 52.634937
2 9999999 2.829352 45.071687999999995 2.839352 45.081688
2 9999999 -1.5899149 47.237209199999995 -1.5799149000000001 47.2472092
2 9999999 2.286788 48.8159582 2.296788 48.8259582
2 9999999 10.895643699999999 43.927637 10.9056437 43.937637
2 9999999 -1.7606769999999998 46.692651 -1.750677 46.702651
2 9999999 1.3149725 49.9132806 1.3249724999999999 49.923280600000005
2 9999999 4.6201118 52.3889474 4.6301118 52.398947400000004
2 9999999 6.9867903 51.5180465 6.9967903 51.5280465
2 9999999 10.1848485 48.876365199999995 10.1948485 48.8863652
2 9999999 -3.2753612999999997 53.308613099999995 -3.2653613 53.3186131
2 9999999 1.5289794 43.5215105 1.5389793999999999 43.5315105
2 9999999 0.3538949 47.559626099999996 0.3638949 47.5696261
2 9999999 -52.270384 4.9072510000000005 -52.260383999999995 4.917251
2 9999999 4.420129 43.670595999999996 4.430129 43.680596
2 9999999 0.195412 49.124981999999996 0.205412 49.134982
2 9999999 2.3126070000000003 49.883072 2.322607 49.893072000000004
2 9999999 11.6705686 45.7063236 11.6805686 45.7163236
2 9999999 10.5261745 44.396885 10.536174500000001 44.406885
2 9999999 7.294071 47.738671999999994 7.3040709999999995 47.748672
2 9999999 29.2239069 -1.6777883999999998 29.233906899999997 -1.6677884
2 9999999 -71.84443549999999 42.272087799999994 -71.8344355 42.2820878
2 9999999 31.0760238 54.939419799999996 31.0860238 54.9494198
2 9999999 4.2821296 50.856165999999995 4.2921296 50.866166
2 9999999 8.6642072 51.6346559 8.674207200000001 51.644655900000004
2 9999999 18.204443400000002 51.2870724 18.2144434 51.297072400000005
2 9999999 -71.1283278 42.3718277 -71.1183278 42.3818277
2 9999999 2.205501 50.820748099999996 2.2155009999999997 50.8307481
2 9999999 13.2959763 52.629144 13.305976300000001 52.639144
2 9999999 -1.7778829999999999 46.521328 -1.767883 46.531328
2 9999999 6.339921 43.104116999999995 6.349921 43.114117
2 9999999 -1.9063858999999999 50.7067172 -1.8963859 50.716717200000005
2 9999999 -73.7389989 40.6936569 -73.72899890000001 40.703656900000006
2 9999999 6.4975004 50.8026723 6.5075004 50.8126723
2 9999999 145.6983932 -16.8093461 145.7083932 -16.7993461
2 9999999 4.3690392000000005 51.8474316 4.3790392 51.857431600000005
2 9999999 18.1669136 48.1472364 18.1769136 48.1572364
2 9999999 120.5312531 15.003219399999999 120.54125309999999 15.0132194
2 9999999 28.072367800000002 39.6553056 28.0823678 39.6653056
2 9999999 18.101701000000002 49.918493999999995 18.111701 49.928494
2 9999999 3.8799719 43.616341899999995 3.8899719 43.6263419
2 9999999 18.723195500000003 49.377446799999994 18.7331955 49.3874468
2 9999999 5.9281453 45.555795499999995 5.9381452999999995 45.5657955
2 9999999 -3.572308 48.275452599999994 -3.5623080000000003 48.2854526
2 9999999 -66.0766295 45.249771599999995 -66.0666295 45.2597716
2 9999999 9.333064899999998 52.0718183 9.3430649 52.0818183
2 9999999 -122.36393489999999 47.7015679 -122.3539349 47.711567900000006
2 9999999 15.4645984 52.2494258 15.474598400000001 52.2594258
2 9999999 -74.105583 40.600809 -74.095583 40.610809
2 9999999 -2.9961716 51.1290487 -2.9861716 51.139048700000004
2 9999999 20.667346600000002 5.7431423 20.6773466 5.7531422999999995
2 9999999 1.8362811 47.9032291 1.8462811 47.9132291
2 9999999 30.7789308 49.5372202 30.7889308 49.547220200000005
2 9999999 -0.08357260000000001 46.2873415 -0.0735726 46.2973415
2 9999999 0.5676758 46.675523899999995 0.5776758 46.6855239
2 9999999 21.246149900000002 45.7269751 21.2561499 45.7369751
2 9999999 2.561696 48.602303 2.5716959999999998 48.612303000000004
2 9999999 100.3537081 -0.9367779 100.3637081 -0.9267779
2 9999999 2.825568 46.164770999999995 2.835568 46.174771
2 9999999 8.0867366 47.5727997 8.096736600000002 47.5827997
2 9999999 15.333174999999999 50.597646 15.343175 50.607646
2 9999999 8.6347621 47.5139912 8.644762100000001 47.523991200000005
2 9999999 124.94957670000001 10.889199699999999 124.9595767 10.8991997
2 9999999 1.765271 47.827673999999995 1.7752709999999998 47.837674
2 9999999 6.4410203 51.1970816 6.4510203 51.2070816
2 9999999 15.8762063 4.9330553 15.886206300000001 4.9430553
2 9999999 7.8704675 51.4975719 7.8804675 51.5075719
2 9999999 144.06583890000002 -4.1303161 144.0758389 -4.1203161
2 9999999 10.6658502 50.658446299999994 10.675850200000001 50.6684463
2 9999999 8.731562299999998 47.0040694 8.7415623 47.014069400000004
2 9999999 5.0126575 44.234189799999996 5.0226575 44.2441898
2 9999999 3.049398 50.386277 3.059398 50.396277000000005
2 9999999 141.5434697 38.7269252 141.5534697 38.7369252
2 9999999 -92.06674459999999 46.6846945 -92.0567446 46.694694500000004
2 9999999 4.3756451 51.165799799999995 4.3856451 51.1757998
2 9999999 11.001053899999999 49.556108699999996 11.0110539 49.5661087
2 9999999 31.791281100000003 50.229946999999996 31.8012811 50.239947
2 9999999 6.8348905 50.6530504 6.8448905 50.6630504
2 9999999 6.1805639 50.9878162 6.1905639 50.9978162
2 9999999 -2.7246098 53.314300499999995 -2.7146098000000003 53.3243005
2 9999999 -1.4205969999999999 43.643558 -1.410597 43.653558000000004
2 9999999 11.0261167 59.980360499999996 11.036116700000001 59.9903605
2 9999999 11.234077 60.9237955 11.244077 60.9337955
2 9999999 24.47821 58.391738 24.48821 58.401738
2 9999999 0.8038002 44.047922799999995 0.8138002 44.0579228
2 9999999 -61.4686418 16.3108082 -61.458641799999995 16.3208082
2 9999999 8.6134238 49.2123758 8.623423800000001 49.2223758
2 9999999 0.5937013 45.4719464 0.6037013 45.481946400000005
2 9999999 0.4896893 45.3543234 0.4996893 45.3643234
2 9999999 82.9431931 55.2359602 82.9531931 55.245960200000006
2 9999999 34.323169699999994 56.234870799999996 34.3331697 56.2448708
2 9999999 14.163879999999999 49.142678499999995 14.17388 49.1526785
2 9999999 2.289733 50.720597 2.299733 50.730597
2 9999999 6.520272 45.464935999999994 6.530272 45.474936
2 9999999 11.5455338 45.7193967 11.555533800000001 45.7293967
2 9999999 13.6259714 48.5167078 13.6359714 48.526707800000004
2 9999999 8.4447131 47.6888655 8.454713100000001 47.698865500000004
2 9999999 7.967107 47.1376767 7.977107 47.147676700000005
2 9999999 2.7249715 48.4088771 2.7349715 48.4188771
2 9999999 0.0703934 46.6143982 0.0803934 46.6243982
2 9999999 18.1578477 47.9912675 18.1678477 48.001267500000004
2 9999999 0.8704064 46.4252116 0.8804064 46.4352116
2 9999999 -123.6937971 48.3826155 -123.6837971 48.392615500000005
2 9999999 21.9128504 48.9363442 21.922850399999998 48.946344200000006
2 9999999 -3.06234 48.310587 -3.05234 48.320587
2 9999999 92.88039350000001 55.964210099999995 92.8903935 55.9742101
2 9999999 4.41153 46.039065 4.42153 46.049065000000006
2 9999999 74.6403829 42.8489669 74.6503829 42.858966900000006
2 9999999 21.9136577 49.7988547 21.9236577 49.808854700000005
2 9999999 11.3255123 52.241727499999996 11.335512300000001 52.2517275
2 9999999 -74.21082 40.5315896 -74.20082000000001 40.5415896
2 9999999 -1.8802481 50.753002099999996 -1.8702481000000002 50.7630021
2 9999999 7.3671884 51.700709499999995 7.3771884 51.7107095
2 9999999 3.52385 43.347843999999995 3.5338499999999997 43.357844
2 9999999 2.974894 50.319182999999995 2.9848939999999997 50.329183
2 9999999 5.085979 51.3036075 5.095979 51.3136075
2 9999999 -1.3920001 53.3658098 -1.3820001000000002 53.375809800000006
2 9999999 7.5589127000000005 47.8126227 7.5689127 47.822622700000004
2 9999999 113.4980312 51.9963489 113.50803119999999 52.006348900000006
2 9999999 97.5133594 57.441033999999995 97.52335939999999 57.451034
2 9999999 31.424956700000003 -0.8038997 31.4349567 -0.7938997
2 9999999 25.3213841 46.922206499999994 25.331384099999998 46.9322065
2 9999999 4.3874869 51.3522095 4.3974869 51.362209500000006
2 9999999 24.3045744 52.2258278 24.314574399999998 52.2358278
2 9999999 11.1694941 49.3884633 11.179494100000001 49.3984633
2 9999999 -0.6393357 47.0639177 -0.6293356999999999 47.0739177
2 9999999 4.3747240000000005 50.7243086 4.384724 50.734308600000006
2 9999999 2.469564 50.846305 2.479564 50.856305000000006
2 9999999 10.0930328 52.603894 10.103032800000001 52.613894
2 9999999 12.8447228 47.4229418 12.854722800000001 47.4329418
2 9999999 11.015604699999999 49.4990289 11.0256047 49.509028900000004
2 9999999 9.760126999999999 40.5763189 9.770127 40.5863189
2 9999999 -113.5210369 37.1256893 -113.51103690000001 37.1356893
2 9999999 6.5038925 52.608866199999994 6.5138925 52.6188662
2 9999999 135.5284259 34.667754699999996 135.5384259 34.6777547
2 9999999 14.0002733 52.2118505 14.010273300000001 52.2218505
2 9999999 13.2932794 43.1996331 13.303279400000001 43.209633100000005
2 9999999 20.9859595 48.5823458 20.995959499999998 48.592345800000004
2 9999999 11.652035099999999 44.2758015 11.6620351 44.285801500000005
2 9999999 4.6582531000000005 51.1572439 4.6682531 51.1672439
2 9999999 85.85098690000001 51.914014099999996 85.8609869 51.9240141
2 9999999 5.806975 45.807809999999996 5.816975 45.81781
2 9999999 6.0691193000000005 49.295941299999996 6.0791193 49.3059413
2 9999999 8.404096599999999 45.733415799999996 8.4140966 45.7434158
2 9999999 13.706719 50.9635794 13.716719000000001 50.973579400000006
2 9999999 5.955058 46.658282 5.965058 46.668282000000005
2 9999999 8.5160679 50.6689163 8.526067900000001 50.678916300000004
2 9999999 -8.8373401 7.7445603 -8.827340099999999 7.7545603
2 9999999 5.2233353000000005 51.9439077 5.2333353 51.9539077
2 9999999 8.922494499999999 47.640295099999996 8.9324945 47.6502951
2 9999999 38.958823499999994 45.0485736 38.9688235 45.0585736
2 9999999 5.0482103 45.038840799999996 5.0582103 45.0488408
2 9999999 0.6705258 46.2343153 0.6805258 46.244315300000004
2 9999999 22.693374600000002 63.3719427 22.7033746 63.3819427
2 9999999 3.7241942 44.490352699999995 3.7341941999999997 44.5003527
2 9999999 18.9644587 50.2124537 18.9744587 50.2224537
2 9999999 15.453317799999999 46.6638227 15.4633178 46.6738227
2 9999999 5.001157 52.1003349 5.011157 52.110334900000005
2 9999999 0.758571 49.606389 0.768571 49.616389000000005
2 9999999 6.140727 48.788011999999995 6.150727 48.798012
2 9999999 2.2527449 48.6081955 2.2627449 48.618195500000006
2 9999999 -87.81760299999999 41.9756278 -87.807603 41.9856278
2 9999999 6.5629100000000005 44.072187 6.57291 44.082187000000005
2 9999999 28.9872287 -1.6631417 28.997228699999997 -1.6531417000000002
2 9999999 26.752847000000003 57.981103 26.762847 57.991103
2 9999999 1.587199 50.822782 1.5971989999999998 50.832782
2 9999999 97.64264320000001 16.8755656 97.6526432 16.8855656
2 9999999 -2.4461269999999997 47.374770999999996 -2.436127 47.384771
2 9999999 -0.9198736 48.7813004 -0.9098736 48.791300400000004
2 9999999 37.2613887 45.3246186 37.2713887 45.334618600000006
2 9999999 1.613728 43.893209 1.6237279999999998 43.903209000000004
2 9999999 34.2492607 31.261639600000002 34.259260700000006 31.2716396
2 9999999 6.5321048 46.334204299999996 6.5421048 46.3442043
2 9999999 1.253996 43.6185669 1.263996 43.6285669
2 9999999 2.904667 43.7963059 2.9146669999999997 43.806305900000005
2 9999999 8.3963538 47.124401399999996 8.406353800000002 47.1344014
2 9999999 18.5969976 49.9102171 18.6069976 49.9202171
2 9999999 11.5172181 44.952376699999995 11.5272181 44.9623767
2 9999999 11.1758671 47.9001674 11.185867100000001 47.910167400000006
2 9999999 5.1007421 51.2553008 5.1107420999999995 51.265300800000006
2 9999999 -1.8419013 38.9742471 -1.8319013000000002 38.984247100000005
2 9999999 6.9737917000000005 51.238500599999995 6.9837917 51.2485006
2 9999999 6.4167267 51.145735699999996 6.4267267 51.1557357
2 9999999 6.4035993 51.1266928 6.4135993 51.136692800000006
2 9999999 1.571925 47.978047999999994 1.5819249999999998 47.988048
2 9999999 2.4053565 48.6430535 2.4153564999999997 48.653053500000006
2 9999999 5.103406 45.620414 5.1134059999999995 45.630414
2 9999999 12.1554399 45.518727999999996 12.1654399 45.528728
2 9999999 -71.7101599 42.2288807 -71.7001599 42.2388807
2 9999999 -71.28834119999999 42.2798411 -71.2783412 42.289841100000004
2 9999999 14.463011 49.768747999999995 14.473011000000001 49.778748
2 9999999 85.32807100000001 27.725328400000002 85.338071 27.7353284
2 9999999 7.4382977 52.265415399999995 7.4482976999999995 52.2754154
2 9999999 4.0705822000000005 51.867520999999996 4.0805822 51.877521
2 9999999 4.8426795 52.1030996 4.8526795 52.113099600000005
2 9999999 20.9894569 -0.3609906 20.9994569 -0.3509906
2 9999999 -77.1512978 38.907137399999996 -77.1412978 38.9171374
2 9999999 26.7281769 58.3530758 26.7381769 58.363075800000004
2 9999999 4.7506484 43.7849302 4.7606484 43.7949302
2 9999999 -66.6451907 45.9555796 -66.63519070000001 45.965579600000005
2 9999999 6.2944483 51.5132404 6.3044483 51.523240400000006
2 9999999 20.600903600000002 49.0156584 20.6109036 49.025658400000005
2 9999999 30.597553400000002 55.258084399999994 30.6075534 55.2680844
2 9999999 17.784398200000002 44.1541462 17.7943982 44.164146200000005
2 9999999 49.031000299999995 58.8918414 49.0410003 58.9018414
2 9999999 11.8198358 44.6160503 11.829835800000001 44.6260503
2 9999999 3.24086 50.173327 3.25086 50.183327000000006
2 9999999 -1.0742671 44.341707 -1.0642671000000001 44.351707000000005
2 9999999 15.6501004 58.369991 15.660100400000001 58.379991000000004
2 9999999 10.981851899999999 51.1450718 10.9918519 51.1550718
2 9999999 4.2800037 43.837301999999994 4.2900037 43.847302
2 9999999 0.1577612 45.6616503 0.1677612 45.6716503
2 9999999 1.2837938000000002 45.7200937 1.2937938 45.730093700000005
2 9999999 25.9555052 48.2640694 25.9655052 48.2740694
2 9999999 0.534028 46.609064 0.544028 46.619064
2 9999999 12.180558099999999 47.6581793 12.1905581 47.668179300000006
2 9999999 4.789332 45.608703 4.799332 45.618703000000004
2 9999999 5.0074190000000005 45.591795 5.017419 45.601795
2 9999999 7.8951733 48.721978099999994 7.9051732999999995 48.7319781
2 9999999 65.856762 59.586742799999996 65.866762 59.5967428
2 9999999 8.639408399999999 47.6870087 8.6494084 47.697008700000005
2 9999999 -2.49315 47.525529 -2.48315 47.535529000000004
2 9999999 36.2462832 49.9330648 36.256283200000006 49.9430648
2 9999999 6.9239547 50.852070399999995 6.9339547 50.8620704
2 9999999 4.217748 47.662104 4.227748 47.672104000000004
2 9999999 20.91724 -0.3646899 20.927239999999998 -0.3546899
2 9999999 -71.15151329999999 42.4047835 -71.1415133 42.414783500000006
2 9999999 7.9654352 50.910273999999994 7.9754352 50.920274
2 9999999 16.2603364 48.1443118 16.270336399999998 48.1543118
2 9999999 3.1583021000000002 45.791320999999996 3.1683021 45.801321
2 9999999 2.594109 48.955818 2.604109 48.965818000000006
2 9999999 2.680505 48.500794 2.690505 48.510794000000004
2 9999999 2.5355369000000003 48.8527576 2.5455369 48.8627576
2 9999999 -1.2527009999999998 44.624235 -1.242701 44.634235000000004
2 9999999 10.504392399999999 47.764258999999996 10.5143924 47.774259
2 9999999 26.232269000000002 59.315360999999996 26.242269 59.325361
2 9999999 6.6151792 51.811014199999995 6.6251792 51.8210142
2 9999999 -12.0822877 10.3754175 -12.072287699999999 10.3854175
2 9999999 5.7440583 51.396773499999995 5.7540583 51.4067735
2 9999999 7.5060125 51.481434099999994 7.5160124999999995 51.4914341
2 9999999 -0.5799804 48.7419289 -0.5699803999999999 48.7519289
2 9999999 0.559297 46.871430399999994 0.569297 46.8814304
2 9999999 -88.46186259999999 30.6818975 -88.4518626 30.6918975
2 9999999 8.600671299999998 52.1645568 8.6106713 52.174556800000005
2 9999999 4.953109 44.549116999999995 4.963109 44.559117
2 9999999 3.431003 50.427203999999996 3.441003 50.437204
2 9999999 25.8868219 48.3247468 25.8968219 48.334746800000005
2 9999999 10.969275999999999 45.2079032 10.979276 45.2179032
2 9999999 59.309177 54.2668963 59.319177 54.276896300000004
2 9999999 4.3629982 51.074551899999996 4.3729982 51.0845519
2 9999999 6.8110843 52.1208623 6.8210843 52.130862300000004
2 9999999 5.373487 43.3059222 5.383487 43.3159222
2 9999999 0.4534943 46.061738899999995 0.4634943 46.0717389
2 9999999 46.2784325 60.765695 46.288432500000006 60.775695000000006
2 9999999 4.837271 47.019728 4.847271 47.029728000000006
2 9999999 5.511891 45.372606999999995 5.521891 45.382607
2 9999999 8.7684269 47.0997267 8.778426900000001 47.1097267
2 9999999 -3.9967791 55.8490651 -3.9867791 55.8590651
2 9999999 17.098208 50.216018999999996 17.108207999999998 50.226019
2 9999999 139.9033262 35.719372099999994 139.9133262 35.7293721
2 9999999 -73.98036139999999 40.6720386 -73.9703614 40.682038600000006
2 9999999 10.454228299999999 48.0927988 10.4642283 48.1027988
2 9999999 11.676747599999999 46.6397512 11.6867476 46.649751200000004
2 9999999 6.8996404 51.455877099999995 6.9096404 51.4658771
2 9999999 122.5892468 -5.4992503 122.59924679999999 -5.4892503
2 9999999 -77.0406962 38.8724207 -77.03069620000001 38.882420700000004
2 9999999 -1.1557739999999999 48.409046999999994 -1.145774 48.419047
2 9999999 9.0550199 49.9137132 9.065019900000001 49.9237132
2 9999999 14.435880999999998 49.446718999999995 14.445881 49.456719
2 9999999 129.6376672 62.0238539 129.6476672 62.033853900000004
2 9999999 -4.3321312999999995 48.031558 -4.3221313 48.041558
2 9999999 3.467633 45.952375999999994 3.477633 45.962376
2 9999999 78.4966211 54.8782992 78.50662109999999 54.888299200000006
2 9999999 3.4061690000000002 50.117337 3.416169 50.127337000000004
2 9999999 -1.289707 46.582232 -1.2797070000000001 46.592232
2 9999999 25.495368000000003 59.422024 25.505368 59.432024000000006
2 9999999 15.2556701 51.0169296 15.265670100000001 51.0269296
2 9999999 2.7943487 49.6906312 2.8043487 49.700631200000004
2 9999999 18.722137500000002 48.3502569 18.7321375 48.3602569
2 9999999 5.58235 43.294540999999995 5.59235 43.304541
2 9999999 6.116439 49.313966 6.1264389999999995 49.323966000000006
2 9999999 52.7218206 52.5275172 52.731820600000006 52.5375172
2 9999999 1.315625 45.906841 1.3256249999999998 45.916841000000005
2 9999999 13.3506304 55.661734499999994 13.360630400000002 55.6717345
2 9999999 13.166087999999998 47.8755494 13.176088 47.8855494
2 9999999 2.4127791000000003 48.8337727 2.4227791 48.8437727
2 9999999 13.682982099999998 53.9971809 13.6929821 54.0071809
2 9999999 11.341771 53.6492108 11.351771000000001 53.659210800000004
2 9999999 33.2214032 47.726419299999996 33.2314032 47.7364193
2 9999999 26.616174 57.911474999999996 26.626174 57.921475
2 9999999 11.0097139 43.9161563 11.019713900000001 43.9261563
2 9999999 22.496904 50.401319699999995 22.506904 50.4113197
2 9999999 10.751151199999999 45.690152299999994 10.7611512 45.7001523
2 9999999 6.8610415 47.539178299999996 6.8710415 47.5491783
2 9999999 6.9267401 51.8204731 6.9367401 51.830473100000006
2 9999999 2.538285 45.504549 2.548285 45.514549
2 9999999 -0.366384 44.910799 -0.356384 44.920799
2 9999999 -3.5797707 50.4244914 -3.5697707000000003 50.434491400000006
2 9999999 8.8838665 51.9425235 8.893866500000001 51.952523500000005
2 9999999 5.1660541 51.104084099999994 5.1760541 51.1140841
2 9999999 -71.1674434 41.7457116 -71.1574434 41.755711600000005
2 9999999 120.02271520000001 -4.1547564 120.0327152 -4.1447564
2 9999999 -104.8618149 38.7839746 -104.85181490000001 38.793974600000006
2 9999999 14.7374976 37.6154297 14.7474976 37.625429700000005
2 9999999 -73.9913235 40.7458835 -73.9813235 40.7558835
2 9999999 38.798468 54.9081985 38.808468000000005 54.9181985
2 9999999 7.5843269 51.614128 7.5943268999999995 51.624128000000006
2 9999999 0.9624236 47.401779399999995 0.9724236 47.4117794
2 9999999 4.714792 49.767210999999996 4.724792 49.777211
2 9999999 6.9958212 47.3852432 7.0058212 47.3952432
2 9999999 15.4389618 47.012594699999994 15.448961800000001 47.0225947
2 9999999 30.404326100000002 60.3213892 30.4143261 60.331389200000004
2 9999999 -0.9297561 45.3088737 -0.9197561 45.318873700000005
2 9999999 9.279714499999999 49.0632939 9.2897145 49.0732939
2 9999999 12.879156 53.1183896 12.889156000000002 53.128389600000006
2 9999999 32.6964769 15.464095499999999 32.706476900000006 15.4740955
2 9999999 1.6336620000000002 43.097485999999996 1.643662 43.107486
2 9999999 1.8790110000000002 46.1744384 1.889011 46.184438400000005
2 9999999 18.523198400000002 48.351901299999994 18.5331984 48.3619013
2 9999999 0.166237 47.183569 0.176237 47.193569000000004
2 9999999 100.35835870000001 -0.9513421 100.3683587 -0.9413421
2 9999999 30.3618412 50.436407499999994 30.3718412 50.4464075
2 9999999 11.254890699999999 46.4487398 11.2648907 46.458739800000004
2 9999999 10.4312875 48.0002704 10.441287500000001 48.0102704
2 9999999 2.065811 50.815245 2.075811 50.825245
2 9999999 4.0726718 46.1353362 4.0826718 46.1453362
2 9999999 9.557091699999999 53.9232247 9.5670917 53.933224700000004
2 9999999 4.7709171 52.381161999999996 4.7809171 52.391162
2 9999999 1.8930221 43.8961014 1.9030220999999998 43.906101400000004
2 9999999 12.2351402 51.1998712 12.245140200000002 51.2098712
2 9999999 1.95209 43.315185 1.96209 43.325185000000005
2 9999999 7.3622012 52.137265299999996 7.3722012 52.1472653
2 9999999 7.4108586 46.920311399999996 7.4208586 46.9303114
2 9999999 6.8775683 51.0847012 6.8875683 51.0947012
2 9999999 17.0827752 48.9152157 17.0927752 48.9252157
2 9999999 10.643336399999999 44.909490399999996 10.6533364 44.9194904
2 9999999 4.945 46.1214819 4.955 46.131481900000004
2 9999999 -71.4416054 42.266294099999996 -71.43160540000001 42.2762941
2 9999999 2.99688 50.481288 3.0068799999999998 50.491288000000004
2 9999999 6.8578183 53.3167081 6.8678183 53.326708100000005
2 9999999 8.025780099999999 12.205663999999999 8.0357801 12.215664
2 9999999 1.9977800000000001 49.760169 2.00778 49.770169
2 9999999 1.1882940000000002 44.501238 1.198294 44.511238000000006
2 9999999 6.0244207 50.4213348 6.0344207 50.4313348
2 9999999 -5.6699955 41.994876899999994 -5.6599955 42.0048769
2 9999999 18.0399798 48.8666274 18.0499798 48.876627400000004
2 9999999 0.3275231 46.631415399999995 0.3375231 46.6414154
2 9999999 12.3704737 51.1756086 12.380473700000001 51.1856086
2 9999999 12.8006049 50.7591884 12.810604900000001 50.769188400000004
2 9999999 4.983771 47.363530999999995 4.993771 47.373531
2 9999999 6.063846 48.910028 6.073846 48.920028
2 9999999 12.272509099999999 45.7650242 12.2825091 45.775024200000004
2 9999999 -87.70636139999999 41.7713377 -87.6963614 41.7813377
2 9999999 13.473909899999999 47.7085277 13.4839099 47.7185277
2 9999999 -1.52622 46.583236 -1.5162200000000001 46.593236000000005
2 9999999 11.9772696 43.917479199999995 11.987269600000001 43.9274792
2 9999999 9.5693434 48.810495499999995 9.5793434 48.8204955
2 9999999 -87.6800801 41.9566203 -87.6700801 41.9666203
2 9999999 123.2941029 10.956473099999998 123.30410289999999 10.9664731
2 9999999 116.32440100000001 -8.293120400000001 116.334401 -8.2831204
2 9999999 15.192029499999999 59.231204399999996 15.2020295 59.2412044
2 9999999 25.5942958 55.480789599999994 25.6042958 55.4907896
2 9999999 -71.09688609999999 42.363824699999995 -71.0868861 42.3738247
2 9999999 13.2495269 45.9156954 13.259526900000001 45.9256954
2 9999999 1.3784017000000002 43.7290869 1.3884017 43.739086900000004
2 9999999 2.5753685 46.3344777 2.5853685 46.344477700000006
2 9999999 -1.9574236999999999 48.661766199999995 -1.9474237 48.6717662
2 9999999 -1.182991 47.423744 -1.1729910000000001 47.433744000000004
2 9999999 -1.8371404999999998 52.3792373 -1.8271405 52.389237300000005
2 9999999 2.9949600000000003 50.708563999999996 3.00496 50.718564
2 9999999 4.70904 45.8702 4.71904 45.8802
2 9999999 -0.43128 44.974626 -0.42128 44.984626000000006
2 9999999 2.441653 50.507659999999994 2.451653 50.51766
2 9999999 13.4964634 55.622929299999996 13.506463400000001 55.6329293
2 9999999 -1.5644113999999998 12.4657541 -1.5544114 12.475754100000001
2 9999999 7.7790125 47.960350999999996 7.7890125 47.970351
2 9999999 3.278697 50.239698 3.288697 50.249698
2 9999999 6.404869 48.549704 6.4148689999999995 48.559704
2 9999999 10.903035 43.937567599999994 10.913035 43.9475676
2 9999999 4.7100480000000005 46.487111999999996 4.720048 46.497112
2 9999999 5.7473314 45.1701364 5.7573314 45.1801364
2 9999999 1.4679269000000001 43.730527699999996 1.4779269 43.7405277
2 9999999 -1.9775378 48.4979222 -1.9675378000000001 48.5079222
2 9999999 -0.22453120000000001 46.318751899999995 -0.2145312 46.3287519
2 9999999 34.7643639 32.0708967 34.774363900000004 32.080896700000004
2 9999999 9.280202999999998 50.6866991 9.290203 50.696699100000004
2 9999999 52.8572965 60.7620514 52.8672965 60.7720514
2 9999999 8.479336799999999 49.097958299999995 8.4893368 49.1079583
2 9999999 -0.902405 47.220715999999996 -0.892405 47.230716
2 9999999 5.0718064 51.269289099999995 5.0818064 51.2792891
2 9999999 26.1375432 44.434564599999995 26.147543199999998 44.4445646
2 9999999 16.3044811 48.2845775 16.3144811 48.2945775
2 9999999 5.4290852 52.0758936 5.4390852 52.085893600000006
2 9999999 -40.3416641 -20.2872642 -40.3316641 -20.2772642
2 9999999 6.359845 47.097739 6.369845 47.107739
2 9999999 10.7159549 48.1534024 10.725954900000001 48.1634024
2 9999999 5.096373 45.829474999999995 5.106373 45.839475
2 9999999 2.5108608 48.912954799999994 2.5208608 48.9229548
2 9999999 19.7622885 49.046809599999996 19.7722885 49.0568096
2 9999999 -87.77997479999999 41.9418151 -87.7699748 41.951815100000005
2 9999999 12.6567332 45.508557599999996 12.666733200000001 45.5185576
2 9999999 15.416974999999999 47.1003261 15.426975 47.1103261
2 9999999 33.1140717 57.129281399999996 33.1240717 57.1392814
2 9999999 -70.732829 42.194891 -70.722829 42.204891
2 9999999 -0.421486 47.126929 -0.411486 47.136929
2 9999999 -2.2660277 47.5253034 -2.2560277 47.535303400000004
2 9999999 -16.4160596 14.4737102 -16.406059600000003 14.4837102
2 9999999 3.4061142 43.4528464 3.4161142 43.462846400000004
2 9999999 7.4109402 48.6661985 7.4209401999999995 48.676198500000005
2 9999999 4.8493873 43.8797417 4.8593873 43.8897417
2 9999999 4.865216 45.515167 4.875216 45.525167
2 9999999 5.636877 43.442437 5.646877 43.452437
2 9999999 4.570977 45.477323999999996 4.580977 45.487324
2 9999999 6.2819270000000005 45.186799 6.291927 45.196799000000006
2 9999999 140.1874611 51.7222206 140.1974611 51.732220600000005
2 9999999 12.966453999999999 54.395252799999994 12.976454 54.4052528
2 9999999 13.7167981 51.0280536 13.726798100000002 51.038053600000005
2 9999999 7.4198029000000005 52.284422299999996 7.4298029 52.2944223
2 9999999 96.06208790000001 21.915750600000003 96.0720879 21.9257506
2 9999999 5.0812385 52.031303799999996 5.0912385 52.0413038
2 9999999 7.640037 49.6600456 7.650037 49.6700456
2 9999999 38.2625604 46.716007 38.2725604 46.726007
2 9999999 -71.1415786 42.332507799999995 -71.13157860000001 42.3425078
2 9999999 7.3644119 51.544647399999995 7.3744119 51.5546474
2 9999999 10.114579399999998 53.5343017 10.1245794 53.544301700000005
2 9999999 23.8036828 56.9622521 23.8136828 56.972252100000006
2 9999999 3.4868110000000003 50.344096 3.496811 50.354096000000006
2 9999999 -4.3957293 55.8953521 -4.3857293 55.9053521
2 9999999 36.0250157 52.957816199999996 36.0350157 52.9678162
2 9999999 6.4789 44.350992999999995 6.4889 44.360993
2 9999999 9.565756899999998 47.2521552 9.5757569 47.2621552
2 9999999 5.9519530000000005 45.931165 5.961953 45.941165000000005
2 9999999 12.054191099999999 45.552839999999996 12.0641911 45.56284
2 9999999 15.0672538 50.6145405 15.077253800000001 50.6245405
2 9999999 18.7678803 50.3145823 18.7778803 50.3245823
2 9999999 7.8518757 48.274157599999995 7.8618757 48.2841576
2 9999999 -72.04675689999999 42.084409699999995 -72.0367569 42.0944097
2 9999999 3.509485 48.014779999999995 3.519485 48.02478
2 9999999 4.6516210000000004 52.146411699999994 4.661621 52.1564117
2 9999999 5.619141 51.433699499999996 5.629141 51.4436995
2 9999999 14.684686 49.774778999999995 14.694686 49.784779
2 9999999 2.2470894 48.966139399999996 2.2570894 48.9761394
2 9999999 -3.444037 47.8115946 -3.434037 47.821594600000005
2 9999999 20.9505503 49.137838599999995 20.960550299999998 49.1478386
2 9999999 9.904859499999999 52.205808 9.9148595 52.215808
2 9999999 -0.7374736 48.134803399999996 -0.7274735999999999 48.1448034
2 9999999 5.8122556 46.101781599999995 5.8222556 46.1117816
2 9999999 -0.6300028 44.900586999999994 -0.6200028 44.910587
2 9999999 4.3647435 50.810352099999996 4.3747435 50.8203521
2 9999999 49.2230333 55.8468197 49.2330333 55.8568197
2 9999999 8.1399551 48.918884299999995 8.149955100000001 48.9288843
2 9999999 -1.3647239999999998 49.014773 -1.354724 49.024773
2 9999999 -0.612029 43.071873999999994 -0.602029 43.081874
2 9999999 3.4736450000000003 50.369474999999994 3.483645 50.379475
2 9999999 18.6807637 7.4561531 18.690763699999998 7.4661531
2 9999999 125.0014933 11.242030699999999 125.0114933 11.2520307
2 9999999 7.9797486 51.441243 7.9897485999999995 51.451243000000005
2 9999999 132.4687165 34.4368993 132.4787165 34.446899300000005
2 9999999 13.8487169 50.648346 13.858716900000001 50.658346
2 9999999 -1.4073444 47.0835635 -1.3973444000000002 47.0935635
2 9999999 2.5381648 50.723754299999996 2.5481648 50.7337543
2 9999999 -73.25520139999999 18.8612088 -73.2452014 18.871208799999998
2 9999999 -2.4078748 47.279649 -2.3978748000000003 47.289649000000004
2 9999999 7.1589424 45.698245199999995 7.1689424 45.7082452
2 9999999 11.071877899999999 44.588371099999996 11.0818779 44.5983711
2 9999999 8.846365899999999 50.0896322 8.8563659 50.0996322
2 9999999 116.18806020000001 -8.846070500000002 116.1980602 -8.8360705
2 9999999 7.6976425 48.161333199999994 7.7076424999999995 48.1713332
2 9999999 -0.1469548 51.517887699999996 -0.1369548 51.5278877
2 9999999 5.080239 46.692665 5.0902389999999995 46.702665
2 9999999 139.7294805 35.6992865 139.73948049999998 35.709286500000005
2 9999999 106.8540358 -6.2625741 106.8640358 -6.2525741
2 9999999 -118.1162009 34.0738297 -118.1062009 34.0838297
2 9999999 -1.44877 46.880399 -1.43877 46.890399
2 9999999 10.5162401 48.812291699999996 10.5262401 48.8222917
2 9999999 8.3538017 47.4330171 8.363801700000002 47.443017100000006
2 9999999 -2.164882 47.631099 -2.154882 47.641099000000004
2 9999999 -1.325877 49.146052 -1.3158770000000002 49.156052
2 9999999 61.4558763 55.1670477 61.465876300000005 55.1770477
2 9999999 5.211312 43.326344999999996 5.221312 43.336345
2 9999999 -120.7478127 35.6846758 -120.7378127 35.694675800000006
2 9999999 -71.2519781 42.2416722 -71.24197810000001 42.2516722
2 9999999 -70.71041199999999 41.992244299999996 -70.700412 42.0022443
2 9999999 -72.32250599999999 42.1466463 -72.312506 42.156646300000006
2 9999999 -71.8400771 19.6576409 -71.83007710000001 19.6676409
2 9999999 123.7309012 13.351267499999999 123.7409012 13.3612675
2 9999999 -0.541025 48.477357 -0.531025 48.487357
2 9999999 6.4266256 52.2069252 6.4366256 52.216925200000006
2 9999999 20.473662400000002 -19.6775803 20.4836624 -19.6675803
2 9999999 2.4309189 48.9151628 2.4409189 48.9251628
2 9999999 -4.123166 47.985025 -4.1131660000000005 47.995025000000005
2 9999999 37.0608426 54.5002122 37.070842600000006 54.510212200000005
2 9999999 10.150209199999999 63.3085028 10.1602092 63.318502800000005
2 9999999 8.7791635 47.4522542 8.7891635 47.462254200000004
2 9999999 -87.7396615 41.7690639 -87.7296615 41.779063900000004
2 9999999 -90.3374015 43.1792929 -90.32740150000001 43.189292900000005
2 9999999 11.497907699999999 48.523458999999995 11.5079077 48.533459
2 9999999 -0.877076 46.637713 -0.867076 46.647713
2 9999999 0.236657 44.743483999999995 0.24665700000000002 44.753484
2 9999999 14.4959232 51.093134799999994 14.505923200000002 51.1031348
2 9999999 91.9524142 27.6937058 91.9624142 27.703705799999998
2 9999999 -78.5866004 35.8474024 -78.5766004 35.857402400000005
2 9999999 7.2719997 47.821338499999996 7.2819997 47.8313385
2 9999999 1.0535236000000001 46.1543679 1.0635236 46.1643679
2 9999999 -0.7987282 46.096621199999994 -0.7887282 46.1066212
2 9999999 4.618218 45.148247999999995 4.6282179999999995 45.158248
2 9999999 -0.11446500000000001 49.289499 -0.104465 49.299499000000004
2 9999999 3.080002 50.596765999999995 3.0900019999999997 50.606766
2 9999999 12.048517499999999 48.9173002 12.0585175 48.927300200000005
2 9999999 2.560622 49.063168 2.5706219999999997 49.073168
2 9999999 22.024452800000002 48.661077999999996 22.0344528 48.671078
2 9999999 23.9566465 64.25332560000001 23.9666465 64.2633256
2 9999999 7.1382955 52.047854799999996 7.1482955 52.0578548
2 9999999 5.2792989 52.7001207 5.2892988999999995 52.710120700000004
2 9999999 -8.0836187 39.9685329 -8.073618699999999 39.978532900000005
2 9999999 9.686929999999998 4.0240274000000005 9.69693 4.0340274
2 9999999 8.454445399999999 49.1915451 8.4644454 49.201545100000004
2 9999999 -1.7640714999999998 52.4228728 -1.7540715 52.432872800000005
2 9999999 3.764062 43.563869 3.774062 43.573869
2 9999999 2.0679348 48.763855199999995 2.0779348 48.7738552
2 9999999 1.265735 43.410180999999994 1.2757349999999998 43.420181
2 9999999 -1.5097049999999999 48.978345 -1.499705 48.988345
2 9999999 43.6783425 -23.3693767 43.688342500000005 -23.359376700000002
2 9999999 1.9621380000000002 44.141922 1.972138 44.151922000000006
2 9999999 5.8759151 45.2243291 5.8859151 45.234329100000004
2 9999999 9.248268699999999 48.7750992 9.2582687 48.785099200000005
2 9999999 3.017135 48.763227 3.027135 48.773227000000006
2 9999999 -1.633956 47.232321999999996 -1.6239560000000002 47.242322
2 9999999 3.82931 45.204043 3.83931 45.214043000000004
2 9999999 -2.6782239999999997 47.731924 -2.668224 47.741924000000004
2 9999999 -0.607914 43.655271 -0.597914 43.665271000000004
2 9999999 76.9566528 43.217710399999994 76.96665279999999 43.2277104
2 9999999 13.9603919 53.5585697 13.970391900000001 53.568569700000005
2 9999999 -73.7617245 40.7426386 -73.75172450000001 40.752638600000004
2 9999999 4.436172 52.2456184 4.446172 52.2556184
2 9999999 -40.319694600000005 -20.3112705 -40.3096946 -20.3012705
2 9999999 5.4511922 43.5150747 5.4611922 43.525074700000005
2 9999999 0.7490008 46.638672199999995 0.7590008 46.6486722
2 9999999 5.951198 45.522262 5.9611979999999996 45.532262
2 9999999 -77.2209372 38.7568376 -77.2109372 38.7668376
2 9999999 6.103921 47.01405 6.1139209999999995 47.02405
2 9999999 11.892435099999998 48.2729593 11.9024351 48.2829593
2 9999999 145.67652470000002 -16.7988556 145.6865247 -16.7888556
2 9999999 3.8397468 51.732994999999995 3.8497467999999997 51.742995
2 9999999 8.4715829 11.9773441 8.481582900000001 11.987344100000001
2 9999999 1.438857 44.841589 1.4488569999999998 44.851589000000004
2 9999999 -0.7729472000000001 47.0523149 -0.7629472 47.062314900000004
2 9999999 56.201665299999995 57.982971299999996 56.2116653 57.9929713
2 9999999 12.353077299999999 47.5105015 12.3630773 47.5205015
2 9999999 28.765795100000002 55.4787495 28.7757951 55.488749500000004
2 9999999 7.6106234 47.535663199999995 7.6206233999999995 47.5456632
2 9999999 15.397640299999999 47.071414399999995 15.4076403 47.0814144
2 9999999 0.1850543 51.514550899999996 0.1950543 51.5245509
2 9999999 7.2877828000000004 45.4477969 7.2977828 45.457796900000005
2 9999999 5.595632 45.618586 5.605632 45.628586000000006
2 9999999 38.018995999999994 52.4645405 38.028996 52.4745405
2 9999999 69.72214170000001 40.8976202 69.7321417 40.907620200000004
2 9999999 5.4058857 51.318480199999996 5.4158857 51.3284802
2 9999999 4.0678959 50.013596299999996 4.0778959 50.0235963
2 9999999 2.117601 48.905654 2.127601 48.915654
2 9999999 55.277464099999996 -20.9976701 55.2874641 -20.987670100000003
2 9999999 2.9392144 43.5671501 2.9492144 43.577150100000004
2 9999999 2.4617400000000003 47.986785 2.47174 47.996785
2 9999999 1.84382 47.85256 1.8538199999999998 47.86256
2 9999999 6.9728939 51.5213081 6.9828939 51.531308100000004
2 9999999 -1.3800329999999998 43.809224 -1.370033 43.819224000000006
2 9999999 6.9573699 52.461839299999994 6.9673699 52.4718393
2 9999999 11.8969042 51.477686 11.906904200000001 51.487686000000004
2 9999999 6.7208675 49.1018292 6.7308675 49.1118292
2 9999999 18.547876000000002 49.852973999999996 18.557876 49.862974
2 9999999 -15.622764100000001 11.8755583 -15.6127641 11.885558300000001
2 9999999 6.8663512 51.937775099999996 6.8763512 51.9477751
2 9999999 3.056258 43.222834999999996 3.066258 43.232835
2 9999999 -0.355229 44.6576005 -0.345229 44.667600500000006
2 9999999 7.7240269 48.114044 7.7340269 48.124044000000005
2 9999999 -69.99061209999999 41.847758999999996 -69.9806121 41.857759
2 9999999 5.1465125 46.077919599999994 5.1565125 46.0879196
2 9999999 8.3879734 55.4390408 8.397973400000001 55.449040800000006
2 9999999 6.623184 49.223388 6.633184 49.233388000000005
2 9999999 10.3535627 48.5382951 10.363562700000001 48.548295100000004
2 9999999 11.8872106 45.1321559 11.897210600000001 45.142155900000006
2 9999999 2.0963670000000003 47.92946 2.106367 47.939460000000004
2 9999999 6.2432671 51.0788873 6.2532670999999995 51.0888873
2 9999999 -73.90620419999999 40.8654224 -73.8962042 40.875422400000005
2 9999999 38.959316799999996 45.0610199 38.9693168 45.0710199
2 9999999 3.7836874000000003 51.241724999999995 3.7936874 51.251725
2 9999999 0.897767 45.5437793 0.907767 45.5537793
2 9999999 5.3911898 43.2893824 5.4011898 43.299382400000006
2 9999999 2.3166182 48.815086199999996 2.3266182 48.8250862
2 9999999 -4.122252 48.002691999999996 -4.112252 48.012692
2 9999999 11.6001766 52.147860699999995 11.6101766 52.1578607
2 9999999 5.7213919 58.9505219 5.7313919 58.9605219
2 9999999 21.5632424 48.6420372 21.573242399999998 48.6520372
2 9999999 22.4137935 53.8051276 22.4237935 53.815127600000004
2 9999999 6.627681 43.231016 6.637681 43.241016
2 9999999 110.3354575 -7.6087777999999995 110.3454575 -7.5987778
2 9999999 92.9815861 55.9813468 92.99158609999999 55.9913468
2 9999999 6.9482589 52.063254699999995 6.9582589 52.0732547
2 9999999 -69.3444682 -32.5986587 -69.3344682 -32.588658699999996
2 9999999 17.9160598 50.6627197 17.926059799999997 50.6727197
2 9999999 -70.90130979999999 41.921116999999995 -70.8913098 41.931117
2 9999999 10.334524 47.714810899999996 10.344524000000002 47.7248109
2 9999999 7.7500622 47.9369119 7.7600622 47.9469119
2 9999999 4.2880836 50.850530199999994 4.2980836 50.8605302
2 9999999 -73.8559806 40.7044947 -73.8459806 40.7144947
2 9999999 9.586762199999999 40.8828878 9.5967622 40.892887800000004
2 9999999 36.1469696 49.7547729 36.156969600000004 49.764772900000004
2 9999999 -2.579672 47.981412999999996 -2.569672 47.991413
2 9999999 -2.5867169999999997 48.169678 -2.576717 48.179678
2 9999999 48.9065449 54.6077571 48.916544900000005 54.617757100000006
2 9999999 -0.6049274 53.7483211 -0.5949274 53.7583211
2 9999999 144.95128880000001 -37.8102528 144.9612888 -37.800252799999996
2 9999999 67.8035545 40.1685191 67.8135545 40.1785191
2 9999999 22.970268400000002 45.5593637 22.9802684 45.569363700000004
2 9999999 125.4565037 39.4873755 125.46650369999999 39.497375500000004
2 9999999 2.1604507 44.134761 2.1704507 44.144761
2 9999999 1.2930987 6.1539664 1.3030986999999998 6.1639664
2 9999999 58.4804623 56.8246269 58.490462300000004 56.8346269
2 9999999 8.741627999999999 52.0876587 8.751628 52.097658700000004
2 9999999 -1.9473083 34.6667786 -1.9373083000000002 34.676778600000006
2 9999999 121.0003786 14.566854699999999 121.0103786 14.5768547
2 9999999 47.481307799999996 42.987811799999996 47.4913078 42.9978118
2 9999999 10.814000199999999 50.963682399999996 10.8240002 50.9736824
2 9999999 9.2262887 50.673075499999996 9.236288700000001 50.6830755
2 9999999 9.345545 45.834126399999995 9.355545000000001 45.8441264
2 9999999 7.9278518 47.2762408 7.9378518 47.2862408
2 9999999 119.4059587 -5.1772198 119.41595869999999 -5.1672198
2 9999999 123.2234007 12.2700798 123.23340069999999 12.280079800000001
2 9999999 10.119660799999998 53.747138 10.1296608 53.757138000000005
2 9999999 30.9340367 -17.836669999999998 30.944036699999998 -17.82667
2 9999999 -8.1922479 12.1672058 -8.182247899999998 12.177205800000001
2 9999999 35.1319279 31.7132808 35.141927900000006 31.723280799999998
2 9999999 1.65734 47.834824999999995 1.6673399999999998 47.844825
2 9999999 2.587875 47.228147 2.5978749999999997 47.238147000000005
2 9999999 145.7180173 -16.944840199999998 145.7280173 -16.9348402
2 9999999 14.5744829 49.9128924 14.584482900000001 49.9228924
2 9999999 44.974781199999995 44.7549578 44.9847812 44.764957800000005
2 9999999 17.811138500000002 59.376503199999995 17.8211385 59.3865032
2 9999999 16.4906395 47.5647709 16.5006395 47.574770900000004
2 9999999 3.18447 13.050833299999999 3.19447 13.0608333
2 9999999 9.5157571 56.7611716 9.525757100000002 56.7711716
2 9999999 4.021611 45.973175999999995 4.031611 45.983176
2 9999999 7.0248464 51.176506499999995 7.0348464 51.1865065
2 9999999 0.7108343 47.346817599999994 0.7208343 47.3568176
2 9999999 -1.0411188999999998 51.2605497 -1.0311189 51.270549700000004
2 9999999 2.3127521 48.757121299999994 2.3227520999999998 48.7671213
2 9999999 27.9750279 -21.598310599999998 27.9850279 -21.5883106
2 9999999 6.4120424 51.434707499999995 6.4220424 51.4447075